440 484 251 799 360 222 461 637 769 880 903 405 412 240 842 733 860 252 59 489 530 935 958 497 793 201 278 32 385 909 316 239 615 239 751 683 509 22 618 112 809 930 332 386 543 743 553 382 736 546 835 613 873 364 527 364 210 899 669 704 419 662 545 195 839 273 535 83 968 610 328 219 315 104 307 462 288 192 833 583 82 599 279 716 719 579 625 709 771 573 950 432 375 488 47 581 728 373 273 790 492 674 53 716 832 103 631 670 817 268 229 923 500 172 460 620 8 613 713 477 637 600 670 176 121 539 287 242 891 227 488 664 477 350 653 677 648 449 310 273 136 202 619 576 393 675 81 172 383 670 439 493
903 49 379 679 473 496 570 19 459 522 729 897 545 106 814 455 813 552 983 443 605 433 983 603 313 72 208 178 650 680 88 589 263 887 352 79 457 181 624 953 639 998 201 427 852 653 250 599 199 431 73 333 701 436 525 653 108 258 70 67 351 313 417 207 160 109 819 44 155 439 732 380 673 689 291 525 395 506 885 528 257 744 544 342 324 823 83 498 191 446 650 261 473 499 118 354 578 227 608 501 77 658 741 80 942 914 546 731 635 511 695 837 144 422 620 102 509 687 620 608 282 714 652 803 769 10 399 287 678 530 665 325 1 25 853 882 669 170 565 365 319 272 502 159 218 246 477 659 1 461 203 154
198 289 979 717 876 679 897 980 117 524 785 513 249 947 816 669 988 424 321 200 565 91 193 197 257 407 802 757 734 411 89 713 628 747 430 295 383 864 905 444 742 106 911 106 161 4 986 940 928 775 195 798 545 473 583 848 518 130 374 475 186 922 828 313 417 106 123 772 497 312 596 471 195 98 325 650 632 70 126 33 659 633 849 71 834 110 333 207 55 967 983 143 611 679 368 400 609 934 956 163 496 756 613 261 108 56 432 62 72 813 708 12 768 881 472 635 897 530 809 13 520 283 913 447 441 596 846 335 133 866 142 818 527 659 241 903 484 546 296 601 797 365 562 748 646 108 866 620 628 211 545 290
927 810 146 446 171 457 708 449 539 466 792 865 6 819 2 448 399 818 432 941 208 90 234 37 94 424 756 969 280 442 862 352 490 677 386 26 583 578 151 317 554 193 790 968 132 196 287 179 547 809 777 212 163 323 423 27 297 338 753 706 755 542 663 583 419 651 103 944 17 538 759 432 318 478 878 192 513 286 29 204 196 899 841 438 480 142 714 709 101 875 958 360 378 535 619 131 211 822 186 701 85 244 133 865 912 617 568 86 217 35 703 148 321 515 192 605 37 135 590 650 132 363 522 203 265 977 397 327 936 885 600 782 75 140 513 219 262 884 985 215 897 551 495 329 183 36 561 958 414 179 374 772
819 85 589 840 582 771 403 79 656 91 681 89 600 182 613 118 157 908 781 550 745 46 820 348 98 766 318 810 357 313 736 766 924 165 916 164 557 1 667 816 214 919 328 172 989 437 268 847 163 973 768 264 989 615 955 709 973 99 43 995 615 600 379 330 941 346 832 574 133 889 296 602 828 677 729 839 850 911 199 900 648 907 494 965 351 590 767 925 926 19 901 710 857 987 757 74 276 585 820 542 805 598 416 794 46 810 786 842 46 637 730 365 55 172 930 529 443 552 562 856 586 17 408 650 177 168 681 609 944 672 570 565 446 751 49 426 278 942 912 4 232 671 438 694 131 737 574 240 295 85 54 874
1 26 502 624 477 836 754 21 574 501 467 68 675 523 962 514 867 906 770 487 759 607 365 26 142 594 405 907 17 302 941 212 162 630 385 654 865 783 542 836 359 803 21 312 500 282 666 312 524 595 49 186 787 69 781 352 84 940 332 604 183 831 559 290 150 137 805 2 128 498 936 662 738 680 203 932 834 480 489 201 976 686 390 486 712 287 567 49 392 530 34 108 182 898 894 281 930 36 630 885 102 21 172 831 766 697 518 21 162 985 487 975 242 370 699 312 799 749 542 852 417 912 233 823 63 714 657 644 394 197 955 515 474 2 285 639 776 306 882 420 247 259 257 902 698 760 775 616 142 882 661 977
323 206 732 205 468 403 61 115 585 85 436 798 372 333 706 816 895 254 461 748 113 4 132 563 965 431 30 128 315 876 848 319 894 107 598 172 464 653 326 726 785 720 593 598 800 975 678 27 333 504 415 652 305 588 368 306 142 946 787 776 143 7 984 936 680 308 628 551 312 659 856 478 757 31 788 587 568 45 336 524 818 644 664 187 390 996 103 47 562 470 384 490 805 983 428 468 624 968 225 455 27 220 723 367 752 594 154 325 692 775 213 556 455 431 403 6 262 600 62 76 364 890 164 600 716 883 433 151 921 550 459 634 242 622 464 869 324 932 734 46 890 828 137 710 841 973 349 709 677 501 938 946
598 851 966 485 812 401 298 764 433 656 198 788 32 411 704 34 553 656 26 586 471 648 196 256 794 624 599 748 219 972 94 948 862 618 807 59 982 9 984 836 887 958 518 653 965 290 301 160 684 230 618 705 53 844 766 519 648 779 240 504 313 342 97 621 27 123 967 563 739 3 799 649 989 752 203 844 980 557 480 426 326 362 827 771 518 316 407 409 865 262 462 499 347 752 276 652 568 861 144 712 887 133 275 348 936 94 103 646 955 326 571 606 714 733 952 900 63 975 753 439 567 98 804 722 805 931 945 480 926 661 8 754 243 159 377 932 263 266 365 463 402 699 416 360 751 59 620 594 85 393 204 640
421 925 715 123 768 789 295 743 822 452 200 74 45 926 480 857 797 645 625 749 760 126 387 359 634 463 468 128 193 26 962 152 567 631 698 105 679 324 177 725 270 939 127 298 473 632 377 242 833 148 106 74 396 370 401 761 421 162 912 625 816 799 668 832 464 863 326 606 317 678 510 708 695 37 513 934 890 906 630 486 624 384 629 750 340 96 922 52 61 900 957 456 599 988 30 912 691 769 25 648 161 347 297 638 404 525 376 686 977 546 971 809 460 282 770 569 6 543 946 96 48 386 247 390 109 86 558 486 962 320 958 254 554 71 199 609 127 305 428 480 727 495 288 808 989 141 13 803 285 289 397 274
792 983 194 202 112 196 123 9 875 793 385 85 445 626 406 166 55 900 134 724 404 158 73 961 396 816 530 71 273 748 416 644 947 232 683 60 499 305 877 810 523 391 272 510 81 496 333 471 211 29 783 782 971 107 69 303 106 862 921 74 744 442 588 392 557 658 383 617 973 108 390 215 32 81 159 182 567 761 967 596 721 171 995 547 202 571 869 482 653 959 192 819 684 14 28 352 966 515 6 22 211 504 726 174 133 173 395 8 873 350 791 547 606 249 948 538 855 254 230 163 703 327 841 899 24 426 716 670 701 683 363 157 563 514 651 166 532 992 10 27 17 769 375 760 481 148 420 928 194 403 751 573
426 143 293 761 592 262 648 863 522 855 547 338 797 934 299 758 30 880 59 808 884 231 401 955 73 351 987 50 209 950 67 872 793 536 465 545 256 679 893 778 476 1 324 20 319 314 414 606 799 471 491 154 919 781 605 431 641 230 448 439 562 382 993 329 7 787 434 375 259 343 826 633 861 108 850 125 81 415 405 169 93 294 487 464 367 647 707 290 740 959 431 397 439 916 858 339 299 497 422 439 956 944 246 417 818 874 442 777 422 241 568 256 278 423 616 970 990 256 414 60 432 143 89 648 538 154 534 238 276 39 64 379 497 809 979 889 808 880 807 888 760 355 399 885 128 753 456 833 293 275 642 49
820 610 216 610 589 554 479 766 319 609 710 439 47 277 892 302 309 884 316 508 49 456 530 651 11 993 770 980 34 411 637 149 673 320 611 501 166 56 155 437 461 581 579 723 216 527 975 770 907 130 542 102 655 722 411 72 491 997 732 255 183 79 51 629 277 221 553 489 327 80 880 783 565 91 310 220 369 54 384 341 500 278 687 782 233 388 11 349 815 329 444 190 112 869 612 953 876 348 47 844 104 747 800 820 862 610 999 172 221 782 901 832 44 562 980 910 301 660 441 960 177 988 270 189 865 303 577 502 829 243 623 83 406 813 156 902 220 202 801 312 562 885 936 344 254 587 982 429 532 507 912 430
416 273 19 545 153 234 340 447 45 595 693 229 869 955 649 344 948 143 254 211 827 369 423 236 27 276 481 231 394 447 41 202 681 895 459 927 163 889 549 880 670 826 313 867 744 27 207 159 39 347 310 176 325 280 491 643 463 506 476 182 823 340 61 207 492 392 755 978 176 188 367 832 183 140 944 821 675 752 560 55 403 496 752 670 284 740 834 403 907 65 623 904 358 403 352 619 596 858 500 543 721 407 356 50 8 760 696 685 50 154 822 517 729 289 560 598 849 484 540 547 945 55 148 294 811 767 354 664 594 920 835 735 689 494 381 801 800 564 945 701 954 990 690 562 281 278 347 923 667 553 538 691
405 610 139 72 773 69 41 178 368 379 248 640 254 282 247 248 857 216 477 770 583 954 393 770 41 247 627 114 421 453 696 276 454 724 332 918 127 321 835 153 91 555 757 744 957 723 540 22 217 835 683 127 207 747 991 513 257 499 823 224 146 952 558 376 500 982 58 414 893 192 148 167 756 742 369 300 909 917 49 429 733 23 720 728 436 524 545 544 196 213 275 313 353 836 75 612 473 55 788 241 661 896 433 213 888 442 811 382 843 150 257 681 299 752 747 650 538 445 961 563 671 364 871 341 364 221 796 397 937 948 406 403 484 361 139 673 317 176 874 95 523 651 595 39 76 37 128 316 665 588 128 272
248 331 696 494 865 629 423 332 688 301 761 726 386 414 945 719 238 582 198 370 126 759 424 893 455 93 625 871 865 316 486 994 796 991 429 21 742 594 37 508 144 72 760 912 147 268 94 119 287 692 106 68 594 371 739 653 744 641 321 644 482 300 30 664 778 27 392 973 90 588 911 726 654 455 509 627 415 648 776 71 966 702 85 833 559 371 225 765 843 707 440 435 918 858 51 685 811 102 206 924 679 564 779 50 149 578 356 217 198 248 299 555 534 872 396 630 225 310 437 59 419 94 998 135 48 582 77 857 395 170 125 592 43 778 528 573 647 99 533 642 686 910 880 639 97 285 688 282 613 840 783 120
751 429 274 942 54 847 921 425 682 771 447 531 813 451 655 722 454 684 505 156 140 73 888 52 648 180 733 284 347 829 847 676 948 298 135 968 466 371 916 301 837 617 229 656 256 249 316 538 321 772 595 717 737 955 186 116 997 703 39 877 667 603 991 508 409 515 331 96 714 922 804 820 123 430 412 767 796 395 928 458 234 398 574 861 583 473 26 142 873 340 413 797 939 522 484 148 970 984 708 740 982 322 125 32 798 235 712 742 474 33 704 259 713 850 268 470 463 600 369 391 976 303 390 617 708 523 764 980 886 759 670 881 179 108 971 272 734 620 533 938 490 606 219 444 21 732 144 627 315 367 387 162
97 11 608 472 384 382 566 995 948 395 79 709 376 530 266 504 699 870 983 70 869 896 438 124 6 552 772 264 89 383 326 945 671 682 264 240 139 28 348 609 391 447 129 165 237 685 644 937 145 608 593 561 873 562 693 325 418 777 919 638 111 140 706 698 315 363 230 651 582 392 627 526 395 580 454 373 753 755 391 978 843 685 126 67 717 671 574 197 605 473 656 779 170 36 349 557 666 487 493 990 79 223 354 78 19 485 734 392 811 373 208 707 741 633 918 472 655 782 556 395 253 405 477 705 378 139 470 436 344 356 599 565 977 315 380 751 171 714 168 257 944 443 847 887 98 102 215 748 323 40 801 738
472 486 971 812 665 472 951 8 975 6 532 175 865 348 247 589 651 404 288 903 716 526 865 778 512 489 759 753 761 498 935 988 466 192 243 38 770 943 891 124 500 674 965 60 302 440 483 397 102 574 61 923 937 876 511 586 394 238 209 916 477 643 127 516 506 661 772 78 323 998 623 320 649 910 661 911 612 115 862 481 255 751 310 804 601 438 726 612 524 156 36 937 564 412 400 638 556 476 219 627 506 427 761 444 886 30 220 914 714 645 750 562 745 602 48 627 682 694 904 705 847 685 265 750 24 296 500 879 969 2 796 111 263 1000 657 129 926 848 602 165 769 976 563 40 4 885 520 344 916 767 195 197
217 465 55 972 899 904 279 672 241 138 969 627 87 927 255 937 392 769 701 758 409 856 986 596 566 871 871 986 939 153 107 410 510 962 590 644 611 741 928 25 578 763 558 472 427 885 249 827 853 235 57 338 26 315 84 108 605 472 303 187 686 407 402 584 953 764 410 803 447 325 875 422 804 26 900 453 685 405 152 780 363 68 402 974 886 834 58 811 487 442 854 60 433 836 281 340 538 947 173 560 653 663 516 620 548 979 92 952 89 486 433 862 853 155 794 576 700 529 427 326 508 181 767 757 154 825 879 350 125 654 958 554 152 636 541 456 373 685 214 331 818 940 213 974 507 340 844 972 65 973 215 339
904 106 405 798 771 852 20 90 329 577 28 242 97 203 188 766 351 967 580 395 983 257 807 100 862 183 530 192 756 382 399 943 456 918 50 666 577 421 131 432 271 904 985 829 650 329 133 752 185 939 269 349 81 530 918 293 860 455 205 638 35 566 429 382 226 103 363 106 164 186 417 904 917 788 380 979 483 349 382 971 262 868 827 609 268 523 485 797 37 614 389 17 12 935 70 762 195 965 712 232 713 415 704 131 191 511 249 911 615 241 738 692 846 365 969 284 262 334 994 630 298 178 397 54 752 738 36 376 438 203 353 78 130 194 744 644 453 209 347 879 522 583 842 938 653 529 639 116 928 724 777 781
534 360 995 650 82 793 440 867 711 441 779 713 802 104 993 884 849 396 982 741 258 749 891 708 720 254 762 652 983 203 567 713 824 645 918 712 526 157 473 155 25 479 886 140 575 565 664 951 950 538 835 2 741 328 89 335 648 878 185 234 759 125 645 676 552 625 440 956 101 81 639 394 607 210 8 483 79 642 491 978 68 891 658 381 466 994 991 591 625 403 92 170 603 572 631 372 159 561 487 79 387 268 532 798 285 575 132 653 392 697 907 555 966 434 296 257 559 423 174 984 137 972 378 267 755 322 962 152 177 866 266 967 511 147 754 143 890 455 679 694 73 563 314 983 318 647 360 719 786 955 558 787
225 338 799 287 65 246 127 361 999 418 761 909 277 601 446 103 605 283 656 581 468 30 564 964 888 758 153 295 703 397 489 673 133 117 424 198 943 299 174 201 560 885 100 317 297 228 472 229 189 418 311 863 219 551 335 13 872 761 873 449 423 63 410 39 506 132 116 141 564 455 379 298 543 929 262 211 842 643 620 272 744 45 335 400 550 909 278 437 83 704 306 719 847 705 871 883 230 625 209 449 400 235 860 830 993 258 983 585 758 520 996 652 99 131 408 85 316 919 66 651 388 279 88 595 310 674 245 178 410 360 885 844 265 939 588 871 467 54 32 119 351 775 789 244 335 214 284 210 759 65 854 875
114 85 767 835 538 910 697 686 14 341 846 449 913 930 342 551 283 760 336 992 767 465 215 362 28 988 66 302 158 409 292 18 250 876 898 961 693 94 47 427 680 408 726 681 318 746 420 271 127 231 929 315 486 99 714 842 835 889 772 959 678 597 169 987 206 981 374 87 777 506 334 31 621 435 459 716 351 304 174 103 590 786 503 965 591 63 139 904 433 140 83 689 200 514 422 34 574 247 402 644 832 402 959 232 263 269 448 643 899 474 466 554 664 664 796 483 613 663 539 347 801 855 203 529 373 370 359 634 601 497 175 518 761 906 5 270 299 378 364 889 146 598 865 269 812 372 330 410 121 12 63 98
762 232 294 21 351 908 762 661 442 121 394 879 662 355 837 86 515 258 652 389 932 442 217 405 203 234 714 79 382 940 366 849 137 162 987 591 432 646 643 645 848 69 826 770 654 67 65 497 98 281 46 133 703 327 488 310 491 955 312 175 808 765 636 617 696 549 174 45 242 870 682 161 642 15 627 367 209 469 87 585 71 754 239 35 699 554 41 180 265 650 155 544 286 95 437 943 585 633 337 304 491 89 378 560 959 240 5 302 233 672 117 396 207 962 351 798 729 701 203 66 836 843 656 831 129 344 23 438 61 612 618 677 481 966 329 456 443 300 107 295 347 453 688 296 646 759 337 257 797 224 46 167
295 620 513 349 472 925 292 440 192 684 138 384 971 792 333 78 499 612 473 405 145 558 170 763 582 74 370 284 308 691 579 763 468 176 361 99 292 132 927 579 996 976 962 940 4 24 962 203 937 113 35 646 642 396 52 126 224 39 528 46 79 488 521 705 141 307 786 120 436 766 178 105 450 503 186 28 747 753 616 747 73 486 449 803 706 851 73 101 246 765 763 431 379 132 592 201 782 713 942 328 140 742 103 344 714 807 183 823 318 219 988 896 623 536 958 31 681 747 648 81 785 893 17 438 842 98 670 54 159 177 953 538 144 768 862 336 849 407 717 272 615 533 454 971 108 954 933 161 625 582 64 194
743 511 144 470 227 985 788 272 129 226 267 44 699 570 414 588 862 921 295 748 808 383 633 12 189 153 122 136 839 567 477 359 418 449 366 582 999 329 684 400 211 141 369 96 365 624 312 59 353 418 751 460 962 241 6 6 951 848 260 115 216 653 509 496 2 328 360 938 935 19 731 572 422 32 282 877 659 701 294 533 304 723 836 192 698 32 94 120 747 414 120 996 764 504 869 402 99 451 824 610 994 689 786 539 377 822 869 517 916 796 459 166 170 414 784 812 168 583 478 93 714 979 75 999 554 237 370 930 225 534 656 591 172 964 365 434 990 772 339 944 101 798 4 70 416 231 710 345 435 233 524 285
592 4 930 599 956 1000 553 495 254 567 435 919 270 936 507 750 98 969 271 98 174 406 210 125 331 65 682 756 637 497 953 824 864 71 825 970 819 641 50 191 154 986 486 698 1 106 539 767 867 433 902 904 276 524 379 171 379 342 101 847 661 830 632 268 790 351 350 905 945 539 449 919 162 566 596 766 673 164 151 868 500 256 759 290 777 80 118 366 567 62 417 825 418 976 309 749 240 238 892 319 329 919 343 87 950 656 508 893 536 188 707 347 18 765 872 719 870 415 658 390 306 399 66 998 707 105 201 896 818 28 104 544 431 953 586 251 919 139 890 220 278 936 869 897 938 4 349 750 287 671 393 803
935 291 438 394 45 678 573 792 449 699 606 543 629 519 292 531 992 611 252 683 776 855 223 614 180 703 691 919 937 97 314 339 120 208 524 203 703 862 807 247 322 291 670 673 67 449 302 113 439 658 138 112 221 646 493 935 469 421 561 277 478 971 511 30 214 823 867 329 747 893 181 277 74 648 544 747 575 308 524 745 376 511 948 143 585 485 349 518 225 805 650 451 297 610 623 310 932 427 836 556 300 640 778 688 484 291 727 354 868 137 862 455 274 855 166 316 699 789 360 334 888 870 243 262 102 365 965 569 243 617 539 165 318 218 187 592 798 172 654 351 317 883 92 952 184 577 98 731 733 727 379 82
579 964 159 899 882 864 253 732 389 347 36 454 100 658 987 717 929 331 444 183 234 332 537 518 387 860 338 294 884 220 90 238 631 389 390 416 952 719 750 322 670 799 438 626 71 163 204 180 517 823 324 338 255 268 714 778 572 952 887 729 219 832 89 620 104 474 804 770 243 414 201 941 223 577 416 440 513 795 372 281 664 704 849 999 497 193 828 662 371 867 683 944 929 764 243 896 194 832 429 568 180 915 553 493 464 696 166 575 714 842 753 265 758 928 428 442 75 346 622 610 672 610 259 683 21 807 921 230 738 266 147 626 267 800 196 630 146 860 584 374 102 786 19 123 973 359 904 348 620 220 992 495
841 978 27 415 274 258 719 78 647 977 718 588 760 489 633 450 481 27 768 532 845 225 202 21 397 982 194 234 711 777 472 24 662 321 223 577 885 184 274 538 776 958 302 2 436 947 680 535 526 886 472 859 775 130 399 123 582 62 399 189 939 880 754 248 259 307 724 509 67 678 624 956 372 598 289 251 84 637 553 306 230 319 793 183 619 967 645 825 831 624 777 301 135 290 192 475 908 198 561 889 2 967 571 327 72 94 717 10 28 980 740 903 268 967 66 518 873 853 720 943 917 495 555 784 894 36 803 200 233 664 379 843 420 638 7 168 172 784 894 445 608 653 962 66 421 249 849 899 290 318 658 44
908 723 832 450 502 707 520 931 683 612 90 645 269 945 85 200 932 627 989 563 720 410 664 503 298 430 611 100 341 569 658 944 813 861 22 88 650 378 262 279 486 922 664 629 944 832 248 818 409 827 296 549 249 319 209 452 631 1000 112 392 893 577 299 970 868 825 327 871 968 840 888 935 904 156 326 670 298 467 1000 529 887 723 937 891 282 421 400 590 130 33 945 779 620 128 828 689 277 346 439 737 710 700 290 333 697 609 429 707 712 100 175 610 663 460 700 169 229 836 455 2 968 224 469 599 206 751 288 895 565 151 249 67 405 18 163 747 964 661 76 153 521 430 34 307 215 733 223 75 340 756 666 40
394 118 615 673 158 780 428 363 624 551 608 899 793 22 567 999 506 185 145 387 596 491 484 707 899 864 194 721 360 890 234 722 34 343 328 46 501 305 91 751 362 862 737 64 529 385 915 744 52 245 109 389 760 610 303 63 183 556 669 7 256 988 100 972 323 173 643 83 835 313 893 427 178 725 360 303 934 496 827 675 412 278 651 832 975 449 435 432 482 165 137 96 803 454 547 759 792 151 20 628 389 516 148 502 502 484 557 575 15 904 88 818 826 212 569 241 410 375 961 170 40 96 537 628 585 557 891 621 583 205 691 476 616 138 693 127 173 83 669 267 284 162 836 391 815 822 673 412 747 756 656 964
771 979 482 839 882 494 19 373 182 95 220 479 845 832 670 453 710 180 941 258 776 858 269 877 857 334 817 413 412 910 308 290 964 612 367 541 291 461 657 603 99 406 808 355 235 185 990 957 646 55 52 981 197 796 720 790 856 885 296 512 135 57 672 893 119 5 573 178 254 344 935 258 660 413 81 922 542 282 882 685 175 473 422 770 3 385 815 98 331 158 667 117 824 182 301 58 255 847 259 525 154 545 510 645 877 679 473 977 718 421 651 876 904 653 727 260 742 394 960 523 534 719 768 560 972 740 70 813 454 333 114 330 725 213 817 687 961 56 253 175 125 92 560 425 445 422 847 901 241 161 980 520
468 892 30 860 750 544 838 753 896 501 938 571 412 541 859 841 707 656 972 546 247 383 544 148 917 742 422 716 436 150 866 290 403 755 545 512 78 505 324 747 313 910 397 270 557 561 762 89 865 6 609 611 90 702 150 759 413 129 253 886 72 922 546 73 467 108 614 91 788 423 823 319 435 49 918 680 497 241 106 42 293 925 630 948 282 89 157 883 706 385 454 918 191 141 961 154 370 573 544 486 70 808 582 561 167 942 301 481 684 347 493 676 255 937 880 370 981 563 946 164 112 304 114 659 103 357 568 588 929 869 738 877 150 72 515 434 983 757 36 835 656 320 463 722 188 257 666 772 943 105 360 502
332 425 443 39 491 684 482 177 184 967 840 781 910 330 418 964 881 368 393 544 626 258 243 88 467 901 971 797 513 316 789 808 255 611 542 629 657 484 317 551 36 872 952 736 297 896 35 535 876 644 967 45 906 263 98 215 110 468 285 278 914 610 127 197 902 187 353 720 15 280 638 548 491 296 869 528 317 450 192 264 565 760 531 21 118 915 245 962 691 551 300 96 253 255 361 984 611 580 794 22 776 339 296 843 453 712 195 641 493 751 243 523 812 446 281 436 750 624 19 547 752 322 240 752 940 582 76 635 536 648 633 922 812 15 293 691 753 780 913 505 95 939 456 732 857 156 954 645 74 20 751 754
344 455 526 395 701 115 320 775 532 73 405 295 820 416 60 292 976 942 872 550 881 999 892 258 22 178 300 978 901 48 588 553 275 164 892 785 30 822 902 382 217 887 549 26 396 856 694 858 133 883 235 664 572 185 795 5 502 646 547 594 97 601 116 844 953 374 882 175 793 259 146 349 177 754 535 960 139 46 471 658 269 778 397 421 8 210 473 973 680 681 892 556 396 237 863 519 504 516 62 573 161 988 194 575 220 681 983 804 894 733 121 318 638 984 860 231 945 771 412 25 901 468 284 596 304 796 375 557 782 390 52 620 713 467 531 316 836 14 842 83 915 683 597 224 116 512 85 346 416 325 173 228
494 283 713 515 215 515 672 353 330 198 939 131 34 491 720 969 209 516 316 189 455 827 307 932 893 130 598 896 912 591 566 421 567 67 541 963 939 947 118 122 369 178 623 25 795 920 306 60 949 828 182 435 919 721 512 930 528 76 366 986 999 430 251 491 209 295 51 780 87 14 139 357 257 180 996 772 728 219 416 884 528 498 127 561 314 9 255 467 489 448 356 659 523 192 9 880 947 854 802 82 965 349 347 925 733 307 512 392 371 651 727 587 982 743 601 400 823 288 197 677 235 865 360 782 978 779 292 800 113 372 890 762 563 864 606 353 695 72 332 392 876 969 471 491 852 276 134 19 576 653 324 208
558 324 601 197 729 51 649 922 881 973 13 886 943 664 964 419 780 292 60 538 172 357 658 61 867 401 526 683 957 610 455 948 188 67 247 665 170 313 683 798 986 458 447 797 439 848 721 862 800 341 886 990 176 518 385 659 583 79 701 998 137 706 769 591 314 725 750 898 539 97 653 238 751 37 857 174 173 588 88 60 548 345 275 634 690 871 641 374 264 72 420 820 865 677 957 421 613 127 638 315 59 784 261 86 715 999 512 674 43 666 770 585 521 945 631 487 678 548 340 329 904 342 785 853 812 187 163 117 849 194 918 900 968 98 832 620 798 144 680 476 603 879 274 844 108 232 218 11 196 166 191 252
189 853 111 631 723 233 370 734 306 367 655 441 35 130 70 497 879 745 460 647 103 655 405 372 521 578 874 989 541 879 728 129 867 964 4 255 466 178 905 155 541 565 873 587 787 571 171 567 561 988 284 514 151 802 981 908 502 247 54 372 428 716 185 198 268 925 615 114 746 31 371 354 429 19 443 915 177 665 545 939 893 458 571 754 268 616 631 745 175 250 214 224 247 659 162 820 454 73 450 287 757 486 323 136 709 971 512 854 961 86 319 740 945 370 98 38 758 103 622 326 765 874 121 730 390 351 954 544 957 581 225 747 410 691 935 324 645 503 398 432 317 299 582 431 516 721 92 485 304 522 775 272
223 102 464 961 922 375 794 334 127 895 885 789 798 579 812 738 211 608 669 793 117 956 507 671 820 944 115 103 745 926 315 82 954 737 647 773 660 444 758 545 667 74 117 267 35 468 982 758 422 93 837 656 121 10 240 627 874 312 584 84 388 612 226 37 728 769 500 539 913 182 165 889 609 425 349 849 748 904 976 965 367 677 143 835 143 544 72 471 588 32 953 634 770 503 499 377 622 718 32 389 710 445 974 584 165 648 770 925 732 724 438 358 998 568 92 33 397 236 718 17 321 437 230 100 519 109 760 116 976 844 640 702 155 165 759 983 374 835 427 215 940 571 402 929 868 499 91 569 43 981 808 612
885 547 81 154 910 194 518 853 292 774 981 267 746 661 430 734 496 782 785 783 926 972 202 424 836 91 85 151 923 928 722 817 67 348 643 234 78 721 963 24 346 149 258 450 163 496 344 93 564 727 751 70 9 380 90 330 175 991 913 910 711 577 217 424 657 489 831 78 185 931 731 112 340 719 18 892 11 9 584 396 654 45 832 58 426 525 931 62 991 8 350 102 686 510 914 571 313 935 445 329 572 941 952 234 126 614 154 909 771 55 334 259 952 275 609 204 533 231 931 649 503 797 193 14 640 533 532 920 105 641 550 592 87 748 636 582 237 230 993 245 174 589 456 685 93 65 719 907 479 98 927 531
619 317 926 840 187 7 73 853 405 234 104 173 824 622 223 312 402 822 197 436 519 274 75 483 444 761 365 939 840 212 150 902 721 965 690 327 307 667 328 916 699 109 438 695 783 317 505 49 860 675 886 40 314 241 282 455 555 583 244 801 937 915 322 44 167 709 92 695 681 992 477 689 633 884 878 497 602 939 856 847 856 648 499 827 282 582 429 281 55 793 859 722 5 588 276 539 456 418 791 625 780 831 496 121 725 40 454 14 994 363 544 732 694 982 329 631 51 491 831 193 370 384 848 407 851 364 104 519 334 898 327 112 630 510 481 829 195 33 986 421 986 9 977 903 697 352 98 928 541 137 272 767
550 238 646 115 827 673 664 706 322 66 138 570 69 849 762 881 634 891 894 307 850 814 362 45 601 885 205 49 263 787 938 952 764 18 939 729 533 893 240 940 488 393 712 293 760 475 431 375 426 224 317 222 759 740 180 385 100 244 700 20 746 697 681 379 101 834 131 449 597 379 152 32 74 692 771 701 628 793 359 964 827 41 113 78 257 751 841 28 49 308 414 88 884 572 772 389 663 690 614 839 318 532 888 975 541 50 298 464 40 680 744 805 37 188 123 632 53 969 138 361 440 494 721 171 974 255 378 681 422 656 29 846 405 396 925 235 326 902 437 850 260 681 344 954 774 36 867 37 808 720 640 203
50 751 530 481 655 309 828 157 536 72 610 446 823 698 568 314 771 685 996 550 901 943 62 952 982 734 186 461 993 955 697 311 582 604 919 869 28 760 937 923 977 260 541 644 813 901 773 828 886 282 537 668 29 160 404 225 854 342 523 186 628 387 795 142 711 7 45 27 789 251 283 706 114 633 765 824 696 704 314 86 698 162 167 192 816 882 282 519 871 390 431 802 564 23 120 530 183 268 31 563 749 263 4 682 966 515 138 128 751 89 562 318 392 837 139 131 444 789 775 835 343 532 524 405 955 238 52 121 317 949 265 294 396 980 398 593 604 746 724 422 341 866 39 601 672 213 883 288 608 391 995 85
386 841 905 797 968 471 692 389 416 732 1000 611 398 840 709 280 148 64 447 976 587 91 186 982 640 744 277 219 719 198 494 500 739 131 493 928 300 349 451 190 927 312 105 182 969 115 253 191 502 215 171 172 288 421 429 162 728 573 524 988 604 460 71 780 867 925 132 668 583 710 915 13 987 531 579 769 257 152 562 801 217 145 810 105 480 233 776 467 24 585 204 570 768 967 647 899 858 239 686 747 807 921 836 754 727 852 227 460 982 845 681 73 568 489 555 253 297 130 495 561 387 238 912 18 978 421 6 835 951 698 353 967 601 619 115 135 183 605 25 634 802 655 925 607 26 215 89 494 387 581 569 946
925 996 597 879 294 734 357 160 268 735 247 777 638 278 906 237 690 623 419 207 799 491 752 218 448 543 595 131 760 17 927 742 825 197 228 337 961 842 155 145 615 422 440 297 26 362 754 2 373 39 541 868 66 47 522 264 255 936 713 820 522 326 428 337 795 174 510 828 514 999 810 441 126 652 229 197 193 149 852 785 505 586 522 79 669 309 734 834 370 186 98 714 545 561 291 916 712 971 952 250 430 296 177 676 552 773 935 775 307 809 876 291 660 289 629 330 549 359 416 975 207 924 947 262 501 99 688 985 528 731 25 531 280 970 522 58 882 16 794 464 711 939 204 894 215 370 682 340 68 336 790 826
201 246 702 814 985 113 297 919 476 609 605 179 439 910 84 853 881 603 573 364 651 194 48 349 973 666 587 215 157 663 892 436 669 134 20 282 794 920 541 833 614 731 507 624 922 711 257 436 889 698 338 336 340 414 38 298 508 427 978 693 56 371 737 654 305 170 985 319 396 462 152 214 403 662 350 886 329 49 624 150 500 856 928 495 955 609 804 674 624 333 354 864 896 152 316 779 378 112 759 31 666 33 845 293 259 953 206 317 659 567 214 478 394 550 160 273 936 51 147 45 859 893 512 195 425 118 515 500 227 531 79 201 433 777 565 865 568 23 708 695 610 11 839 982 283 958 26 593 573 581 677 106
251 572 709 358 979 782 806 167 510 11 474 178 739 759 78 764 487 279 418 79 429 23 137 976 430 760 625 51 971 382 707 889 621 586 571 682 811 793 320 184 374 744 557 871 281 341 326 906 713 597 581 531 907 884 647 657 306 334 914 863 340 282 177 396 55 253 578 321 472 110 836 442 271 973 368 871 767 294 4 990 279 238 582 726 961 625 448 177 829 787 239 844 953 590 590 636 829 724 834 806 310 691 51 302 517 55 574 411 860 147 119 694 286 574 923 154 519 110 988 137 239 811 477 482 530 270 717 502 33 63 111 847 305 246 662 939 985 695 362 893 271 207 518 609 374 623 550 726 75 459 959 614
705 73 934 954 146 828 169 817 775 714 905 985 316 135 824 993 422 788 226 873 253 280 110 829 626 196 105 742 728 966 607 290 408 117 272 86 83 981 423 206 369 463 334 330 562 125 523 926 723 488 675 884 948 16 586 172 157 552 393 923 339 764 852 643 939 53 124 548 308 529 589 165 608 967 415 19 451 837 10 577 210 409 748 612 311 53 852 936 62 746 900 670 275 583 233 460 182 798 259 75 635 384 769 263 82 46 474 970 565 721 660 281 545 740 286 874 306 313 587 652 468 940 982 791 588 567 284 130 33 200 1 719 29 184 555 5 385 974 341 241 71 287 85 215 679 264 73 474 66 848 309 997
563 293 82 873 662 67 209 151 391 924 14 994 808 298 347 230 248 578 459 217 123 989 970 44 696 809 629 155 302 491 307 860 458 722 556 3 553 235 76 411 955 422 46 153 147 861 432 463 397 70 77 955 573 753 722 269 11 260 579 67 556 925 842 947 145 472 4 152 647 350 100 792 922 12 698 46 818 921 492 191 497 937 476 54 858 70 349 698 738 319 436 926 845 8 974 271 144 144 242 146 442 382 796 393 72 963 158 283 826 162 627 367 144 854 610 219 323 412 819 161 304 715 762 540 2 326 478 124 307 556 481 734 176 200 368 448 904 732 387 873 173 464 429 44 366 119 160 380 798 843 946 199
