424 229 90 49 131 98 342 77 403 798 30 324 371 160 17 624 623 227 36 222 23 83 695 421 583 159 233 18 316 118 74 66 518 183 611 455 27 11 192 83 535 542 177 290 242 169 318 69 388 107 423 423 719 271 457 196 147 342 279 608 325 33 311 3 459 73 483 8 923 55 284 175 294 34 34 347 282 58 499 538 29 563 143 426 269 523 492 525 344 427 779 28 176 482 36 116 685 52 172 3 486 318 5 667 714 6 34 224 559 158 56 193 245 83 282 515 6 290 393 448 139 433 281 115 96 491 244 211 213 40 227 622 243 296 323 559 98 7 214 68 36 143 307 541 231 81 53 97 219 377 376 410
827 14 324 674 44 301 217 16 311 185 576 336 333 24 111 281 634 161 128 70 124 65 489 62 308 65 98 100 550 508 55 570 193 866 335 76 300 54 402 370 356 62 58 26 223 7 67 594 72 121 35 217 241 149 315 577 60 174 13 40 183 146 46 122 17 61 426 6 137 51 216 168 110 596 248 303 141 138 304 461 14 107 224 45 150 767 78 246 134 271 81 178 214 168 31 91 238 75 315 223 38 304 684 14 779 66 77 117 70 407 124 543 107 69 503 54 415 25 34 66 158 408 649 227 88 7 121 22 187 429 100 282 1 13 311 152 353 53 156 216 31 155 67 61 157 24 278 97 1 182 12 151
68 158 166 240 593 513 83 489 54 361 525 213 5 784 56 329 815 368 92 157 511 50 1 5 235 328 465 717 496 80 8 646 97 412 330 169 23 693 284 283 124 77 561 76 113 4 964 28 552 260 71 519 474 238 43 116 385 80 327 225 154 538 561 139 250 24 15 443 79 169 140 274 77 40 273 605 527 46 2 15 492 543 259 25 380 5 40 176 35 40 66 139 409 2 295 339 83 570 332 59 335 381 547 259 74 25 200 51 44 116 276 3 499 67 236 157 779 399 15 9 239 150 850 183 233 192 588 287 121 811 36 74 331 124 4 304 55 85 43 295 352 323 273 361 34 86 354 404 102 60 157 130
76 255 16 10 83 56 458 386 512 276 306 137 3 583 2 405 105 483 44 690 162 47 181 20 91 359 206 922 156 167 684 47 452 301 122 16 232 464 19 160 492 170 374 476 2 67 29 169 357 298 332 156 4 195 73 27 54 226 338 9 686 142 39 152 378 328 34 303 11 356 716 313 14 226 517 119 343 97 12 43 175 220 116 299 371 32 461 529 55 812 3 265 108 443 83 61 34 149 22 260 8 43 24 842 302 119 108 86 2 16 450 105 306 121 173 250 13 6 449 115 86 93 135 188 248 685 63 309 281 793 219 579 25 13 217 37 215 849 167 179 568 411 5 83 39 15 126 93 11 15 175 577
525 73 140 625 526 646 148 7 442 25 8 46 112 172 362 113 77 733 3 86 595 27 297 327 27 19 207 568 17 34 447 291 909 99 609 26 524 1 183 366 20 402 17 167 262 68 17 662 160 65 62 161 31 166 608 636 547 29 3 926 326 7 176 319 879 296 291 131 24 455 13 309 577 91 13 530 91 513 104 362 523 867 354 746 288 549 187 350 29 1 111 535 581 530 615 65 111 214 579 365 542 560 301 517 41 735 18 540 9 55 295 335 47 101 863 126 396 75 145 177 558 16 368 447 151 64 35 18 823 244 477 515 48 466 27 32 114 737 875 3 58 650 311 363 117 39 482 219 108 26 48 116
1 21 435 362 217 241 176 7 246 205 274 2 120 351 630 405 236 706 66 281 637 584 297 15 129 472 295 558 15 245 792 101 99 108 249 452 768 122 368 210 154 642 18 14 128 42 330 178 58 557 25 174 20 61 229 132 40 166 80 47 13 540 322 135 92 63 148 1 39 425 415 546 7 262 105 607 739 151 167 70 709 328 389 407 312 177 532 7 290 131 27 67 115 645 179 4 894 7 151 822 18 4 162 713 330 319 316 6 15 587 118 606 42 68 39 233 104 53 518 377 135 424 74 372 57 536 464 616 315 47 525 185 213 2 121 156 161 287 334 104 50 253 182 560 465 202 555 123 73 282 349 250
50 137 229 45 80 22 18 67 525 6 31 414 354 208 637 179 885 5 152 451 38 2 10 173 517 317 8 49 304 212 762 174 398 98 382 133 284 609 308 689 762 618 66 230 627 736 605 22 66 36 286 343 238 472 275 120 84 606 537 539 105 2 201 468 75 165 611 250 271 323 564 314 465 29 711 216 104 7 301 346 267 234 604 32 384 394 72 7 298 68 170 392 76 280 407 254 76 184 89 349 4 64 328 49 362 579 45 222 325 458 92 492 327 97 74 3 227 282 13 26 264 707 49 54 465 98 256 40 56 357 428 562 129 157 101 174 259 790 354 15 820 483 113 664 186 491 263 22 134 264 451 507
456 695 555 237 383 124 116 433 82 103 9 746 29 156 89 14 227 251 20 534 300 178 124 55 657 47 442 105 7 21 86 858 425 133 148 48 392 3 231 681 507 143 242 443 374 268 116 149 518 73 54 289 12 354 166 476 452 12 41 176 124 199 13 109 20 26 808 125 735 2 285 411 887 612 189 661 314 446 164 312 291 320 603 604 440 98 126 158 361 143 7 1 270 152 255 85 222 57 59 399 886 95 45 306 246 24 95 487 697 57 390 313 501 464 536 532 31 772 736 47 303 87 411 345 238 873 391 417 612 290 2 717 223 6 305 587 118 241 182 227 270 694 312 114 166 15 168 72 21 334 151 509
260 15 151 46 237 254 12 423 567 177 106 11 3 683 233 709 385 388 599 304 354 72 93 138 19 5 194 108 72 2 85 32 39 187 202 90 234 259 108 10 68 575 106 28 349 319 293 139 144 22 93 72 60 214 355 709 17 31 601 9 402 263 142 728 127 28 256 583 229 599 13 162 403 35 427 17 258 645 450 349 111 261 518 208 107 71 214 33 31 707 214 95 434 387 18 182 153 531 13 270 60 47 76 119 298 479 331 410 722 346 895 5 356 187 87 187 2 232 409 6 29 350 4 127 39 39 408 84 14 239 55 231 187 58 169 170 105 204 42 306 233 95 160 312 611 140 9 749 54 16 25 33
626 220 53 153 58 73 58 7 807 523 383 81 323 523 198 122 9 379 30 248 373 158 28 540 75 593 42 42 155 306 282 32 680 21 195 33 26 56 806 256 395 386 19 86 62 485 64 406 163 25 150 238 906 55 49 45 103 201 237 29 435 327 269 38 236 135 124 482 491 95 226 33 16 20 82 172 52 524 83 189 313 150 689 102 197 125 506 258 192 804 120 464 396 2 25 281 830 157 6 2 200 138 170 23 64 27 310 5 3 44 51 94 434 133 110 445 166 28 7 67 33 314 706 128 10 225 105 392 458 681 39 58 1 12 143 17 21 34 3 3 6 282 38 685 78 85 250 664 129 257 64 397
319 30 150 711 131 250 553 237 71 386 217 78 444 866 156 142 18 415 54 434 227 37 125 601 66 200 14 20 201 848 20 752 737 280 337 357 248 311 197 108 410 1 212 6 94 129 96 339 561 31 384 152 271 483 567 366 450 170 160 235 170 131 867 253 3 763 315 106 81 157 663 569 95 101 435 64 17 387 362 148 31 260 398 208 311 77 161 5 284 143 205 259 94 586 646 137 89 265 22 15 742 935 203 115 27 94 248 637 202 206 229 81 44 377 6 72 427 135 185 13 167 31 5 299 483 12 77 105 61 25 38 115 312 505 743 467 646 851 607 397 216 242 34 287 31 470 428 129 217 183 106 27
391 182 156 524 477 114 283 6 297 244 385 265 12 273 623 162 284 352 98 461 35 154 249 200 4 471 197 491 12 233 632 106 53 222 359 62 1 32 112 275 232 444 292 73 72 430 224 593 547 120 198 40 512 50 270 9 241 834 507 208 175 71 29 318 276 138 443 417 108 40 464 432 355 21 55 173 257 33 379 133 321 42 662 165 70 246 5 98 419 245 73 145 109 29 303 265 151 242 6 497 94 16 336 715 121 402 191 124 31 24 504 1 14 121 674 164 253 265 358 413 85 947 200 181 693 59 254 125 640 142 336 13 247 117 52 460 68 20 742 298 55 745 693 122 172 321 122 206 347 77 166 36
82 12 8 470 8 104 6 76 19 242 627 144 73 403 213 285 869 101 92 55 63 218 69 130 8 255 264 14 342 438 30 102 116 70 92 810 110 673 268 35 651 482 101 599 58 15 67 28 5 1 26 106 13 235 400 34 17 33 411 103 46 300 8 189 13 102 611 772 171 101 325 88 138 99 404 314 555 492 162 30 37 231 140 227 14 529 235 46 893 47 316 775 301 329 260 166 207 606 384 141 445 99 300 2 4 525 176 54 12 86 699 328 122 37 274 145 27 335 435 544 327 30 106 232 386 500 337 69 245 364 483 454 170 357 72 294 767 253 85 168 62 641 206 210 278 242 295 332 622 298 159 627
292 469 120 3 568 61 24 131 126 2 115 296 15 226 16 22 303 116 172 710 558 257 14 548 27 22 297 112 45 280 494 156 63 698 174 726 38 251 794 150 48 341 131 322 275 548 224 5 125 728 664 101 42 142 325 335 206 296 49 164 113 309 21 371 53 953 58 220 321 6 141 145 64 630 98 103 184 826 2 19 251 5 306 518 200 455 462 12 140 202 271 191 206 83 4 555 85 1 573 207 184 829 397 175 195 388 410 332 603 122 71 152 9 707 531 572 121 25 551 384 40 92 196 286 110 50 146 14 318 762 223 143 144 270 19 289 7 20 688 29 136 405 364 31 9 4 75 209 486 537 5 20
37 228 182 11 634 591 94 232 675 66 68 258 166 139 387 364 87 81 43 133 78 491 244 697 277 9 72 440 778 61 230 148 458 662 299 21 228 52 11 16 22 33 211 154 144 230 72 64 260 395 8 32 482 62 405 351 410 232 195 457 88 270 4 374 386 7 289 294 32 483 204 47 340 432 111 237 89 376 400 24 415 534 3 517 361 52 117 117 755 45 326 29 587 533 17 602 704 43 196 579 572 531 611 21 101 329 212 83 28 87 160 85 353 472 142 376 11 27 165 20 385 25 182 52 48 237 70 372 289 100 14 267 36 655 196 82 59 40 59 635 250 1 430 296 17 109 47 111 450 786 407 105
326 311 113 710 48 71 909 300 360 9 415 385 631 432 163 589 141 391 239 12 39 6 504 1 225 123 74 152 155 324 843 393 871 183 32 559 334 296 729 234 470 178 97 86 66 55 189 78 266 481 581 97 729 673 27 92 609 51 17 249 609 500 96 54 123 389 41 1 444 261 651 317 46 142 45 547 608 79 881 78 5 297 425 856 371 141 23 85 208 276 342 291 697 81 89 5 763 199 191 57 803 220 112 21 236 118 155 664 141 8 560 190 649 290 256 383 434 3 237 368 417 183 99 85 149 243 190 388 312 603 374 194 69 23 691 214 268 173 20 885 170 178 89 206 12 574 79 413 182 26 317 154
65 3 240 273 85 158 178 668 484 357 37 249 356 167 95 83 349 704 179 52 778 630 225 58 1 226 237 53 85 28 268 173 215 273 124 182 137 28 306 379 122 185 16 141 164 468 435 240 88 386 150 310 319 109 14 16 180 398 393 173 96 124 609 531 39 163 198 69 114 346 240 422 256 81 198 322 124 202 143 506 167 60 45 47 145 637 230 7 107 325 511 126 42 27 140 401 475 202 198 442 57 88 217 4 1 34 546 266 421 353 122 296 528 55 194 100 378 461 421 338 66 118 146 12 124 11 63 45 343 347 15 104 728 89 59 636 63 626 39 236 419 366 571 107 76 83 132 737 180 4 537 471
413 307 765 662 34 2 115 5 72 5 66 16 79 344 129 273 182 31 87 222 303 226 771 57 229 115 120 386 194 443 300 342 230 112 158 35 125 47 463 35 262 650 821 60 53 350 42 98 2 405 10 88 857 388 469 258 232 80 6 317 92 120 109 300 393 37 35 32 91 691 510 164 526 548 180 710 108 8 35 1 104 331 107 471 49 15 413 242 247 64 26 314 499 369 220 8 513 83 43 510 231 20 59 409 286 13 185 425 435 534 207 365 517 94 4 401 241 555 268 191 499 635 8 690 2 42 54 257 373 2 176 77 22 219 510 91 297 553 392 45 299 712 399 7 2 716 202 271 682 663 174 26
123 55 54 541 28 407 190 554 205 106 717 360 11 820 34 432 328 733 500 75 76 113 925 499 472 261 39 803 461 97 51 143 83 844 259 215 216 298 626 15 496 636 20 319 358 237 128 216 835 150 35 167 4 258 65 74 224 90 268 10 94 70 235 287 924 227 194 501 405 231 687 132 105 26 826 36 313 354 101 512 263 16 349 383 368 479 4 549 262 110 617 54 4 189 50 128 280 693 28 18 528 305 282 271 282 419 68 177 81 370 149 678 666 17 582 41 375 25 265 231 89 47 123 580 13 382 615 166 50 195 596 384 67 152 280 20 364 6 4 221 430 13 68 700 189 203 221 450 16 849 212 107
864 37 326 495 228 550 9 8 220 576 3 99 83 120 27 676 36 416 475 204 795 84 741 77 564 142 440 160 646 218 51 648 425 493 40 49 415 135 8 107 229 750 900 94 25 101 2 184 29 216 149 201 15 73 906 33 646 13 200 276 29 117 159 60 193 42 358 50 63 26 304 440 421 707 194 889 254 216 172 451 57 497 187 531 231 408 472 126 34 525 35 12 9 317 56 26 15 72 270 180 247 295 360 92 152 30 114 781 266 164 90 540 158 96 807 9 223 311 163 611 87 102 337 14 374 581 6 190 284 177 43 65 57 86 100 84 290 201 43 368 348 415 631 441 30 347 238 44 73 163 777 19
115 315 912 289 76 314 25 462 178 142 445 360 653 9 450 75 369 394 1 720 3 745 327 347 582 76 189 369 536 36 94 121 186 97 748 441 487 153 108 72 24 214 273 130 224 159 445 687 843 46 61 2 127 28 20 295 386 429 178 203 220 118 411 496 388 580 115 790 16 33 159 343 30 171 2 250 66 588 123 296 57 828 429 174 152 490 654 51 206 146 51 153 496 486 615 107 69 35 286 3 91 105 499 692 83 8 101 57 352 613 744 508 574 161 289 6 396 65 102 477 135 831 275 248 496 86 750 103 74 391 193 824 409 109 217 127 724 266 611 330 7 93 144 187 265 582 102 453 609 228 329 178
54 234 317 256 50 197 107 88 766 65 268 779 243 582 410 79 537 194 526 515 184 29 118 107 101 426 84 162 611 213 39 648 116 102 307 39 584 20 110 181 414 513 12 262 228 221 366 144 56 298 50 636 194 88 165 2 657 727 763 25 344 49 359 22 138 73 30 52 415 343 107 248 87 288 33 47 451 243 432 11 203 26 81 240 159 403 51 86 74 691 67 77 14 231 9 789 209 523 47 387 66 24 784 781 6 36 871 495 653 120 488 529 25 29 61 77 113 127 23 553 247 158 24 378 109 40 98 144 24 356 667 231 121 335 464 236 393 43 26 51 51 432 92 232 15 21 166 88 249 23 374 250
50 74 319 611 161 751 558 600 12 94 825 304 521 637 286 429 279 531 278 267 371 308 69 261 9 223 43 275 87 342 3 18 249 614 30 473 295 39 28 424 422 176 230 372 252 363 400 73 32 162 708 306 155 13 178 474 134 295 728 157 563 69 37 168 71 816 347 1 32 125 123 31 104 45 397 632 332 47 54 78 418 40 23 924 286 55 117 626 28 114 49 112 173 368 226 24 437 13 277 51 688 192 517 186 71 160 110 596 157 240 269 318 255 241 72 319 114 354 412 313 298 780 72 426 136 74 322 286 469 252 40 118 232 464 3 78 217 84 86 72 118 149 753 269 705 117 297 194 17 1 17 29
174 158 153 5 295 900 36 378 172 54 375 842 443 101 828 78 350 143 330 147 334 73 212 8 30 107 447 70 53 345 338 527 49 33 469 1 357 526 515 319 16 19 500 562 637 51 45 120 57 130 27 23 481 182 486 202 379 575 78 107 543 225 515 175 171 46 34 10 71 622 623 81 8 15 570 175 43 445 85 279 64 280 136 35 549 488 7 1 211 467 108 107 129 50 260 537 558 552 276 98 201 6 194 173 850 12 1 15 36 603 42 130 42 659 196 361 317 657 86 17 64 839 520 12 106 114 4 95 31 200 224 267 103 78 180 88 226 32 30 281 332 356 23 185 204 500 203 129 490 182 22 81
35 476 199 253 307 689 135 43 48 319 130 193 611 642 160 42 393 108 310 230 86 194 72 425 469 2 365 223 32 404 534 298 341 91 259 53 50 123 8 354 308 858 53 173 3 8 635 176 72 13 16 290 398 59 17 110 98 35 300 17 21 414 32 395 94 279 522 68 52 429 160 54 449 466 178 15 320 39 449 230 18 92 285 578 66 640 31 44 124 149 191 429 337 27 183 86 206 37 245 283 84 618 59 126 498 708 45 479 75 140 44 662 282 69 830 1 505 336 324 26 13 170 16 314 5 51 408 2 5 143 589 166 107 53 462 95 71 178 127 83 501 94 210 451 30 691 347 43 231 465 37 117
537 402 129 30 157 51 389 200 123 135 247 4 548 558 17 369 426 645 264 570 426 165 611 12 33 23 102 84 109 115 104 107 53 154 236 471 461 160 431 75 201 136 195 31 73 615 216 12 43 248 380 166 373 71 2 4 325 46 44 95 108 436 153 364 1 287 147 18 428 8 658 217 189 25 249 498 38 517 199 165 90 318 680 120 341 26 80 47 150 158 94 497 66 254 340 288 81 226 259 286 446 156 96 358 101 232 121 368 25 622 422 53 42 199 721 106 28 66 338 42 367 97 34 923 243 31 289 236 214 97 48 288 154 536 30 164 254 633 290 874 28 289 1 41 207 124 542 173 228 206 310 113
335 4 317 49 106 930 107 257 224 130 180 702 40 258 205 282 52 440 194 80 136 346 166 99 25 33 60 290 194 277 381 14 374 44 722 561 353 167 48 95 6 270 184 354 1 58 90 745 290 379 369 323 266 487 365 170 279 233 79 784 131 683 504 244 766 322 91 530 303 217 344 315 118 245 391 410 227 49 67 58 500 144 72 114 368 61 7 300 433 34 43 314 68 396 22 631 198 183 455 209 31 401 189 4 552 554 334 113 101 149 319 280 5 333 160 360 56 36 445 360 270 313 15 149 479 79 189 153 667 17 102 99 347 882 551 175 66 87 28 77 122 824 746 551 276 4 15 726 98 238 107 673
770 47 12 259 4 153 51 190 13 435 143 254 63 67 162 174 381 397 194 292 331 681 90 216 6 157 453 569 497 34 59 308 74 32 237 138 641 53 572 23 281 53 300 400 42 1 36 38 146 642 76 79 149 383 257 492 11 38 531 74 49 826 453 17 210 417 624 217 567 573 27 113 20 230 96 434 428 112 190 275 178 54 444 100 204 312 335 179 31 380 150 395 255 600 305 24 9 97 524 341 290 100 599 688 86 178 304 66 850 64 689 116 228 827 144 234 176 424 193 163 679 515 46 6 15 148 533 521 115 245 44 41 217 56 56 338 777 30 500 127 79 636 88 932 3 469 46 439 606 89 156 17
198 937 18 701 172 423 85 344 94 93 6 133 61 110 561 503 248 112 301 62 101 266 65 478 352 642 264 97 840 53 86 81 258 152 269 316 875 285 441 26 236 425 202 222 47 113 154 22 211 531 118 257 248 155 311 713 248 206 234 688 38 2 77 181 99 358 702 51 238 337 131 724 139 485 129 428 134 242 352 150 142 30 90 423 46 58 642 39 45 788 107 789 803 666 177 680 170 74 260 171 148 215 114 250 453 4 99 263 660 414 661 138 615 145 190 242 68 16 559 172 215 192 147 264 18 422 866 211 502 200 146 617 232 227 90 550 68 578 175 47 14 106 10 104 67 254 118 192 174 51 551 395
11 630 23 188 42 223 429 70 91 924 441 23 592 129 446 428 475 22 531 509 113 67 91 5 65 791 146 46 604 696 22 22 578 319 21 558 476 161 143 135 452 257 269 2 24 172 302 201 153 693 169 34 365 13 12 105 391 19 84 185 916 220 176 15 205 32 77 392 15 203 50 11 93 493 231 118 42 342 448 14 192 262 543 126 187 507 504 534 602 238 90 156 81 8 152 271 182 161 237 458 1 376 517 161 21 80 535 5 5 513 286 357 52 47 6 387 212 188 720 884 652 414 72 372 277 13 453 185 189 123 79 520 214 603 1 140 125 128 427 118 56 619 189 41 295 96 360 616 234 273 390 40
409 41 131 272 443 247 387 710 340 450 76 522 191 413 63 53 212 586 97 191 110 308 286 407 181 139 351 71 155 108 578 243 600 796 22 19 184 3 154 41 119 782 407 334 180 206 32 812 44 590 61 507 132 283 20 258 454 531 28 348 730 414 111 472 147 427 136 239 327 144 256 60 452 151 303 626 77 277 490 243 562 136 773 179 142 156 150 140 78 14 431 478 258 39 51 234 129 42 146 277 669 227 171 82 254 212 95 702 92 12 61 392 242 164 200 148 92 248 68 2 147 155 146 461 33 80 63 207 454 130 25 41 230 9 61 717 370 465 58 60 481 192 18 270 137 461 35 13 78 517 81 15
386 19 392 17 152 444 248 195 6 248 121 709 184 4 149 396 110 177 8 145 391 86 138 625 515 629 128 679 178 534 139 459 24 53 273 21 412 142 52 390 114 156 201 20 40 375 828 413 26 134 58 32 335 488 34 3 76 507 149 4 96 688 6 647 135 162 543 72 276 188 873 141 23 368 349 227 282 155 457 285 218 213 141 792 148 371 371 267 257 42 78 50 475 49 487 59 639 10 19 102 95 476 114 374 194 274 513 161 7 556 46 41 232 66 282 160 42 279 760 81 12 12 457 233 541 229 463 41 73 96 322 169 615 42 198 65 61 28 341 265 232 54 747 211 736 424 436 55 284 411 610 873
65 51 426 591 838 25 5 187 50 94 168 310 338 124 594 424 86 112 404 145 391 167 253 78 418 112 593 21 257 898 94 96 513 90 108 311 47 316 12 503 50 6 782 112 69 51 549 203 453 32 1 127 190 439 541 322 201 611 50 418 91 51 475 186 1 5 108 114 214 236 65 78 215 94 3 552 96 258 724 84 158 152 159 629 3 109 689 14 221 80 428 53 516 5 279 47 111 657 25 227 48 117 48 341 191 360 246 726 644 295 566 661 250 114 222 133 451 195 112 19 107 500 600 7 707 126 67 614 120 92 44 202 35 123 197 511 139 17 2 146 76 28 492 48 289 96 134 134 35 32 565 478
283 547 20 829 298 202 606 140 219 46 579 250 135 242 246 222 700 637 903 211 148 136 405 136 124 460 251 677 433 10 355 155 102 517 376 29 41 451 173 98 182 62 110 106 190 321 270 6 782 5 422 303 47 236 130 179 145 60 218 692 9 227 135 15 207 83 282 81 43 117 344 105 100 7 115 638 393 136 82 12 280 215 302 249 15 8 69 95 418 338 98 232 105 15 464 77 285 300 46 286 10 275 93 48 83 237 161 172 478 206 153 623 79 781 236 302 361 150 467 140 82 178 68 261 96 165 271 29 64 595 466 405 62 8 490 431 540 117 19 279 397 231 352 183 40 247 48 744 887 46 89 437
31 258 356 9 384 667 161 82 37 370 801 208 601 257 97 565 370 21 60 494 572 33 120 58 339 203 966 568 445 299 475 641 59 182 70 416 404 17 123 198 31 747 231 54 231 407 32 46 426 119 413 30 406 162 63 55 61 268 105 206 397 568 16 7 331 80 293 433 11 31 8 89 22 167 467 252 215 53 2 8 217 275 518 6 15 204 142 459 609 523 154 23 38 51 282 661 8 38 701 21 480 99 54 435 384 194 93 406 383 650 11 166 379 195 114 195 61 539 8 171 228 91 238 591 681 158 76 201 40 473 143 745 749 8 196 208 531 203 560 481 31 112 396 430 272 153 124 480 1 12 104 409
16 79 101 48 443 112 309 454 241 40 62 179 166 168 7 227 576 160 744 370 345 156 835 120 20 178 18 557 349 31 466 263 50 140 119 92 17 747 824 160 214 177 241 22 229 520 1 358 59 302 171 207 175 125 424 5 81 78 350 83 24 469 72 428 721 25 852 142 141 219 49 345 68 748 162 927 85 26 412 563 127 631 55 40 6 94 219 49 58 309 53 101 254 34 617 9 31 419 47 19 125 674 79 257 199 329 15 774 397 473 37 198 288 956 13 143 854 73 160 7 461 176 61 190 284 281 358 286 64 147 26 491 575 231 269 15 131 10 694 67 692 319 410 25 15 353 71 56 326 91 147 108
115 80 347 377 142 234 432 320 132 42 281 7 16 79 552 266 29 81 170 67 318 427 210 653 136 95 265 760 775 433 306 357 483 26 171 408 410 48 112 40 257 46 413 12 424 228 38 48 428 404 60 246 159 518 7 315 462 43 71 737 474 422 173 270 135 49 21 759 1 10 1 47 49 46 430 537 605 205 250 211 373 1 31 1 8 2 111 355 128 61 311 161 372 116 5 408 341 648 655 69 245 23 282 251 42 196 488 346 223 420 293 84 419 246 324 335 629 218 20 459 10 415 70 235 959 733 244 739 41 286 32 84 88 841 378 231 406 7 99 198 285 865 377 467 37 91 2 11 5 146 120 134
260 314 355 24 1 41 614 120 869 365 11 612 893 525 358 413 731 43 10 209 169 80 288 20 728 48 125 668 947 346 283 254 114 61 33 440 13 309 395 423 143 169 176 521 264 264 583 643 671 130 94 896 79 154 107 158 579 72 605 957 48 293 457 500 300 504 60 151 225 88 522 66 608 17 663 129 147 371 56 18 507 82 150 365 344 871 394 225 226 5 285 709 566 228 846 359 421 113 571 221 40 412 154 29 35 684 24 373 9 567 76 209 200 208 162 410 463 17 52 150 276 195 472 550 385 100 20 66 15 56 561 570 710 19 264 169 754 121 262 44 594 332 175 396 79 81 149 5 88 102 143 104
54 42 6 508 462 225 208 164 175 77 373 431 18 120 48 332 552 346 453 178 97 492 323 163 9 89 530 205 72 450 112 25 576 524 2 76 175 12 445 70 509 31 562 432 509 324 145 178 375 426 151 95 49 80 22 696 308 186 12 213 411 482 109 157 225 162 535 33 531 3 142 217 243 15 262 36 173 358 214 900 671 372 107 388 212 538 401 396 77 131 159 7 61 468 83 377 348 33 133 60 545 57 309 1 63 282 72 395 746 41 26 660 169 79 53 36 92 89 282 31 443 838 46 260 20 1 62 162 306 446 137 91 43 627 386 81 225 452 30 128 300 128 242 357 221 277 42 419 190 262 101 42
61 18 343 718 676 125 319 222 121 777 314 601 713 566 57 701 56 316 575 787 34 889 409 359 806 553 20 26 71 591 136 8 527 683 75 655 562 254 425 515 212 69 57 210 16 51 795 144 421 46 202 209 88 5 12 34 244 8 306 30 248 245 126 20 454 190 304 87 139 61 161 415 341 151 59 71 49 412 958 476 26 430 75 132 78 363 66 6 47 25 549 56 515 412 416 124 98 212 16 236 650 58 117 347 151 515 405 51 554 545 120 328 259 139 36 9 280 31 377 9 313 302 151 92 473 68 520 69 654 492 201 582 146 40 94 711 371 392 24 59 23 466 128 787 7 437 71 516 37 975 451 202
76 473 69 101 648 35 26 629 244 98 293 19 296 471 219 486 240 290 121 292 78 735 24 183 61 52 28 15 81 246 375 679 54 119 346 187 23 197 18 7 197 68 204 348 29 11 19 17 36 117 131 2 9 43 69 62 169 451 207 670 158 376 63 355 136 95 817 70 134 404 343 45 22 422 3 237 2 6 376 67 265 43 189 46 283 337 524 62 667 5 120 27 430 469 376 479 213 890 237 13 171 878 345 75 85 393 28 855 67 24 160 142 920 43 419 68 435 190 826 88 192 256 79 1 75 114 151 507 65 106 443 301 54 141 158 245 140 86 66 243 11 531 105 561 83 19 581 717 115 30 259 454
164 130 740 235 110 4 11 224 373 212 30 29 652 504 197 237 40 795 123 69 219 13 7 126 312 718 237 272 719 140 69 12 566 779 214 277 39 303 269 876 316 78 345 408 209 195 353 6 461 56 181 23 101 157 102 57 271 207 72 393 338 182 41 30 40 518 4 315 532 864 446 453 237 146 396 418 468 643 420 495 69 583 185 590 184 381 327 39 14 453 525 9 1 455 45 92 225 10 85 122 694 428 129 66 22 8 84 2 378 345 99 732 54 824 230 162 4 158 7 177 315 171 842 247 444 267 80 10 60 63 165 47 334 310 148 112 148 2 261 323 983 7 645 448 53 273 55 490 426 13 224 436
240 65 188 84 486 464 316 55 257 13 112 409 31 613 478 32 356 788 375 118 727 551 169 5 583 214 80 29 63 153 891 945 510 8 219 407 384 342 60 103 289 238 491 243 698 196 140 321 381 63 10 194 257 524 13 227 6 40 82 6 12 119 77 102 37 675 72 316 159 159 147 27 62 245 439 564 565 213 245 259 397 22 10 16 73 750 26 5 7 44 359 63 474 324 441 337 181 112 530 60 156 169 318 958 290 50 133 127 6 148 477 527 7 84 123 359 12 277 83 361 437 32 491 73 469 67 21 143 140 276 1 7 386 271 91 29 28 80 46 251 231 29 191 147 590 10 98 34 627 107 114 10
36 219 260 261 306 125 99 48 112 55 74 287 105 373 87 10 200 446 502 184 127 497 9 517 492 343 21 16 708 504 71 102 500 421 541 215 16 355 481 922 305 229 451 332 414 696 624 826 427 86 346 271 1 48 33 59 769 70 49 39 533 96 351 117 389 4 36 10 735 19 57 77 85 20 587 358 576 264 139 15 292 133 127 7 404 428 217 265 422 145 164 793 448 22 44 140 65 244 24 466 234 228 1 94 880 203 51 71 639 4 93 120 57 423 34 121 373 32 627 729 35 181 409 230 129 82 2 51 137 481 91 52 156 386 349 580 530 155 45 155 58 521 16 426 40 162 871 56 485 300 928 17
87 763 663 628 22 415 628 369 320 186 875 569 123 462 68 90 101 50 386 598 446 25 64 802 162 402 73 72 298 66 137 150 155 124 180 720 295 110 255 143 20 292 81 105 875 1 57 71 109 12 40 83 10 209 319 34 452 573 67 818 368 146 2 408 343 23 121 37 499 495 561 8 321 207 310 263 150 87 155 544 76 43 651 3 53 119 268 166 20 226 71 24 523 354 409 559 436 41 658 204 469 255 765 666 31 408 212 378 436 599 675 23 21 320 115 138 68 88 286 329 325 21 444 13 113 209 1 230 253 277 48 794 77 488 46 106 127 530 15 16 30 266 167 1 8 2 55 235 19 316 483 469
562 210 356 88 229 726 131 33 62 352 69 236 512 128 166 215 193 135 201 192 449 27 339 74 434 309 95 31 32 15 822 286 358 82 133 43 428 671 60 46 360 41 113 97 18 19 674 2 32 36 433 600 7 11 513 144 187 869 186 628 389 98 263 319 202 174 181 306 510 849 247 42 67 305 187 38 141 115 169 721 442 477 455 54 55 131 448 630 61 29 1 570 220 209 143 734 493 320 348 204 415 294 100 14 500 1 835 665 265 626 634 167 48 180 428 22 190 93 82 894 52 839 271 112 149 93 490 639 116 69 22 107 168 814 296 10 413 12 784 95 623 614 191 883 152 12 208 165 31 190 649 490
157 200 676 252 37 36 243 370 135 567 483 152 64 185 7 90 88 552 491 234 533 155 39 135 130 312 72 58 56 483 128 403 300 86 2 221 6 504 393 688 320 495 278 41 176 176 180 205 211 101 17 69 293 240 11 153 224 318 8 394 44 110 518 361 190 52 707 276 122 229 118 108 77 229 212 390 208 38 8 80 103 476 321 194 92 455 491 440 82 138 170 209 866 124 153 128 157 26 638 10 46 31 584 182 98 730 8 143 404 177 134 396 354 39 13 4 163 49 61 8 516 111 191 155 57 78 370 112 25 149 39 162 395 510 255 238 422 21 25 294 171 8 301 683 235 187 6 14 249 279 91 34
104 554 342 96 840 712 756 57 474 11 137 39 49 344 71 478 171 52 164 48 71 9 39 242 350 401 214 51 250 238 63 887 559 206 80 286 16 353 148 177 259 670 214 770 44 253 101 356 157 210 467 48 272 752 263 565 56 333 65 727 279 281 15 24 55 108 168 160 412 40 103 57 241 178 220 516 58 17 3 536 67 87 295 684 617 275 443 116 805 258 186 214 274 210 365 91 49 285 795 474 217 27 5 298 73 46 140 358 719 123 105 409 271 90 874 71 480 21 336 124 175 726 26 207 39 79 197 142 4 38 84 55 200 113 209 641 432 448 275 389 96 42 271 152 70 438 157 508 47 266 389 589
574 49 713 875 77 239 94 117 323 440 626 335 116 11 247 376 209 271 124 310 152 195 64 119 354 192 45 698 98 491 90 18 369 67 84 3 47 94 149 25 112 50 305 159 13 63 472 59 128 82 239 814 57 12 179 36 30 481 49 644 249 546 4 466 351 13 96 480 79 197 502 141 195 310 368 18 307 593 1 314 67 246 202 495 160 25 788 255 59 425 569 163 266 298 4 372 159 679 233 66 522 174 682 177 9 44 51 291 477 90 234 95 124 275 39 355 110 154 210 467 13 628 587 499 162 187 1 50 18 135 1 128 6 49 254 5 12 178 185 43 41 174 78 169 654 108 49 143 21 137 251 654
12 129 9 173 319 36 103 53 248 449 9 733 629 278 26 211 62 145 432 40 78 167 645 6 38 781 562 68 297 456 190 115 96 521 518 2 364 46 26 160 349 45 40 54 89 57 15 238 196 65 23 92 443 3 282 5 6 59 554 35 359 781 425 728 118 306 4 38 580 249 97 474 465 12 125 45 6 835 477 96 295 603 60 43 45 1 201 287 680 235 261 153 253 4 281 110 62 49 86 18 382 210 84 171 2 53 140 214 448 39 177 29 2 31 76 29 62 331 222 53 53 548 522 519 2 72 259 37 127 552 438 14 29 171 201 102 849 133 233 799 13 60 50 13 172 24 24 123 581 334 218 33
