Dílek 2647
----------
1000011111
0        1
1        1
0        0
0        1
0        1
1        0
1        1
1        1
0001100000

Dílek 1283
----------
1111110010
1        0
0        1
0        0
1        0
1        0
0        1
1        1
0        1
0001100000

Dílek 3547
----------
1010101110
1        0
1        0
1        1
1        0
1        1
1        0
0        1
1        0
0000011101

Dílek 1451
----------
1100101000
1        0
1        1
0        0
0        0
0        0
1        0
0        0
0        0
0011001000

Dílek 3137
----------
0000101101
1        1
0        0
0        1
0        1
0        0
1        1
0        1
1        1
0011011001

Dílek 2897
----------
1110010110
0        1
0        0
1        1
1        1
0        1
1        0
1        1
0        1
1010101101

Dílek 1093
----------
0010101010
1        0
0        0
0        1
1        1
0        1
1        1
1        1
0        1
0111111011

Dílek 1217
----------
1001000011
1        0
1        1
1        0
0        0
1        1
0        0
0        0
0        0
0100111010

Dílek 2801
----------
1110011010
0        1
1        1
1        0
1        1
0        0
1        0
0        0
0        0
0001110110

Dílek 1361
----------
0001011001
0        0
1        0
1        0
0        0
1        0
1        1
1        0
1        0
1110100111

Dílek 2063
----------
0001000011
1        1
1        1
0        1
1        1
1        0
1        0
0        1
0        0
0100111110

Dílek 3797
----------
1100100010
0        0
0        0
0        0
0        0
0        1
1        1
1        1
1        0
0000010110

Dílek 1289
----------
1111011010
0        0
1        0
1        0
1        0
0        0
1        1
0        0
0        0
1110101111

Dílek 1427
----------
1101100110
1        0
1        0
1        1
1        1
1        0
1        1
0        0
0        1
1101011010

Dílek 1951
----------
0000110101
0        1
1        1
0        0
0        1
1        1
0        1
0        0
0        1
0000111101

Dílek 1483
----------
0000111100
0        1
1        1
0        1
1        1
1        0
1        0
0        1
0        1
0100010000

Dílek 1789
----------
1100111110
0        1
0        0
0        1
0        1
0        1
0        1
1        1
0        0
1010000000

Dílek 2129
----------
1011101001
0        1
0        0
0        0
0        1
0        1
1        0
1        1
1        0
0001000011

Dílek 2137
----------
0010111101
1        0
0        1
0        1
0        1
1        0
1        1
1        1
0        1
0011111011

Dílek 3761
----------
0111101000
1        1
1        1
0        1
0        1
1        0
0        1
1        0
0        1
0001101001

Dílek 1327
----------
0011110101
1        0
0        1
1        0
0        1
1        0
1        1
0        0
1        0
1011000010

Dílek 2741
----------
0100100010
1        0
0        1
0        1
0        1
0        0
0        0
1        1
0        0
0010010010

Dílek 1699
----------
0111001111
1        1
0        1
1        0
0        0
0        1
1        0
0        1
1        0
1101001001

Dílek 1151
----------
0010110000
1        0
1        1
1        1
0        1
1        0
0        1
1        1
0        0
0111001111

Dílek 2273
----------
1010101011
0        0
1        0
1        0
1        0
1        0
1        0
1        1
1        1
1000110011

Dílek 1999
----------
1101100011
1        0
1        0
1        1
1        1
0        1
1        0
0        1
1        0
1101101100

Dílek 1721
----------
0000110001
1        1
0        0
0        0
0        1
1        1
1        1
1        0
0        1
0010101001

Dílek 2521
----------
0011111110
1        0
0        1
0        1
0        0
1        0
0        1
0        0
1        1
1111011010

Dílek 2111
----------
0010100100
0        1
0        1
0        1
0        0
0        1
0        1
1        0
0        0
0101000100

Dílek 2767
----------
0111111100
1        1
1        0
0        1
1        1
0        0
0        1
1        1
0        1
0111110100

Dílek 2141
----------
1111010000
1        1
0        1
0        0
0        1
1        0
0        1
0        1
0        0
0111011110

Dílek 2557
----------
0101100100
0        1
1        1
0        0
0        1
0        0
1        1
1        0
1        1
1101111100

Dílek 2269
----------
0101000110
1        1
1        0
1        0
1        0
0        0
0        1
0        1
1        0
1010101011

Dílek 3511
----------
0101011000
0        0
0        1
1        1
1        0
1        1
0        0
0        0
1        1
0011110011

Dílek 2789
----------
1000000100
1        0
1        0
0        1
0        1
1        0
1        1
0        1
0        1
0111001100

Dílek 2971
----------
1011010000
0        1
0        0
1        0
1        0
1        1
1        1
1        0
1        0
1010011100

Dílek 3719
----------
1011100000
0        1
0        1
0        1
1        0
1        1
1        1
0        1
0        0
1000011100

Dílek 1901
----------
0100011011
1        0
0        1
1        1
1        1
1        1
0        1
1        1
0        1
0000110011

Dílek 3191
----------
1010011101
1        0
1        0
0        0
0        0
1        0
0        0
0        1
1        0
1111000011

Dílek 3709
----------
0010000001
1        1
1        0
0        0
0        1
1        0
1        0
0        1
0        1
0101001110

Dílek 1613
----------
0001100110
1        0
0        1
0        0
0        0
0        0
0        1
0        0
1        1
1110010000

Dílek 2441
----------
0010111111
1        0
1        0
0        1
1        1
1        1
0        1
1        0
1        1
1011011110

Dílek 1409
----------
0011110101
0        0
0        0
0        0
0        1
1        1
1        1
1        0
1        0
1001101101

Dílek 1523
----------
0101100110
1        0
1        1
0        1
1        1
1        0
1        1
0        1
1        0
0111100100

Dílek 1367
----------
1001000101
1        0
0        0
0        0
1        0
1        0
1        1
0        0
1        1
0111110011

Dílek 1783
----------
0001011110
0        0
1        1
1        1
1        1
1        1
1        0
0        0
1        1
0111001101

Dílek 1871
----------
0110010110
1        1
1        1
1        0
1        0
1        1
0        1
0        1
1        0
0000101001

Dílek 3217
----------
1010001011
0        1
0        1
1        0
1        1
0        1
0        1
1        0
0        1
1001110101

Dílek 3163
----------
0001101011
1        1
0        1
1        1
1        0
0        1
1        1
1        0
0        0
0110101011

Dílek 3271
----------
1101010110
1        1
1        1
1        1
0        1
1        0
1        1
1        0
1        1
1001011110

Dílek 2707
----------
0011101000
1        0
1        0
1        1
0        0
0        1
1        0
0        0
1        0
0110000101

Dílek 3083
----------
1100101011
1        1
0        1
0        1
0        0
0        1
0        0
1        1
1        0
1011100110

Dílek 1051
----------
1111000110
0        1
0        0
0        0
1        0
0        0
1        1
1        1
1        1
0000001110

Dílek 3767
----------
0100110111
0        0
0        0
1        0
0        1
1        1
1        1
0        1
1        1
0010000110

Dílek 2267
----------
0100100100
0        0
0        0
1        1
0        0
0        1
0        0
0        0
1        1
0101100000

Dílek 1973
----------
1011111001
0        1
1        0
1        0
0        0
1        0
0        1
1        1
1        1
0110001111

Dílek 3671
----------
1001101011
0        1
0        0
0        1
1        1
0        0
0        0
0        1
0        0
1100111001

Dílek 3221
----------
1010011101
1        1
1        0
1        1
0        0
1        0
0        0
0        0
1        0
0000010001

Dílek 1549
----------
0111011001
1        1
1        0
0        0
1        1
1        1
0        1
0        0
1        1
1000010001

Dílek 3461
----------
0111111001
1        1
0        0
0        0
0        0
1        0
1        0
0        1
1        0
0000100011

Dílek 2459
----------
0011011010
0        0
0        1
1        1
1        0
1        0
0        0
0        1
0        1
1011000100

Dílek 3203
----------
0100011110
0        0
1        0
1        0
0        0
0        1
1        0
0        1
1        0
1110000000

Dílek 2203
----------
1010011011
0        0
0        1
1        1
1        1
0        1
1        1
1        0
0        1
0000001000

Dílek 3637
----------
1000111010
1        0
0        0
0        1
1        1
1        1
0        0
1        0
1        1
0010100110

Dílek 2467
----------
0011011000
1        1
0        1
1        1
0        0
1        0
1        0
0        0
1        1
1000000111

Dílek 2411
----------
0001100001
0        1
0        1
1        0
0        1
0        0
0        1
0        0
1        0
0100100111

Dílek 2221
----------
1111000001
1        1
0        0
0        0
0        0
0        0
0        1
1        1
1        0
0110111111

Dílek 1487
----------
0010011000
0        1
1        1
0        0
0        0
0        1
0        0
1        0
1        0
1011111010

Dílek 1481
----------
1011101100
0        1
0        0
0        0
1        1
1        1
0        1
0        1
0        0
0111110101

Dílek 1669
----------
1000110110
0        0
0        1
1        1
1        1
0        1
0        0
0        1
0        1
1101100001

Dílek 3167
----------
0101111000
0        1
1        0
0        0
0        1
1        1
0        0
0        1
1        1
1010101010

Dílek 3347
----------
1110001100
1        1
0        1
0        0
1        0
0        1
0        1
1        0
0        1
1001000010

Dílek 2213
----------
1001111101
0        0
1        0
0        1
0        0
0        1
0        1
0        1
0        1
0111101011

Dílek 3329
----------
0011000100
1        1
1        0
0        1
1        1
0        0
1        1
1        0
0        1
0011110110

Dílek 3851
----------
1010000110
0        1
1        0
1        0
0        0
1        0
0        0
0        0
1        1
0001001001

Dílek 2659
----------
1010001010
0        0
1        1
1        0
1        0
0        0
0        0
1        0
0        1
0000010010

Dílek 1933
----------
0111101100
1        0
0        0
0        0
0        0
1        0
0        1
1        0
0        0
0001000110

Dílek 3299
----------
1110110010
0        0
0        0
1        1
0        0
0        1
0        0
0        0
1        0
0000010101

Dílek 3691
----------
0001110001
1        0
1        1
1        0
1        0
0        0
1        1
0        1
1        1
0111001000

Dílek 3733
----------
1001011111
0        0
0        1
1        0
1        1
0        1
0        1
0        0
0        0
0011000000

Dílek 2131
----------
1101001010
0        1
1        0
0        1
0        0
0        0
0        1
1        0
0        0
0100011110

Dílek 1723
----------
0000011111
0        0
1        0
1        1
0        0
1        0
1        0
0        1
0        1
0111011011

Dílek 3463
----------
1101000011
1        1
0        0
1        1
1        0
0        1
1        1
1        1
0        0
0100101100

Dílek 2549
----------
1011110100
0        1
1        1
0        1
1        1
1        1
0        0
1        1
1        0
0001101011

Dílek 1031
----------
1001010101
0        0
1        1
0        0
0        0
1        0
0        0
0        1
0        0
0110101110

Dílek 1979
----------
1011111100
0        1
1        1
1        0
1        0
1        0
0        0
0        1
0        0
0010111110

Dílek 2939
----------
1010001011
0        1
0        1
1        1
0        0
1        0
1        1
0        0
1        0
0000011010

Dílek 2381
----------
0011011101
0        0
0        0
1        1
1        1
1        0
0        1
1        1
0        1
1001011000

Dílek 3943
----------
1010111001
0        1
1        0
1        1
1        0
1        1
1        0
1        1
0        0
0111010000

Dílek 1553
----------
1111101111
1        0
1        0
1        0
1        0
0        1
1        0
1        1
0        1
0100000110

Dílek 2351
----------
0111011100
1        0
1        1
0        0
1        0
1        0
0        1
1        1
0        0
0101110010

Dílek 2311
----------
1010100110
1        0
0        1
1        0
1        0
1        0
0        1
0        0
0        0
1110011010

Dílek 1567
----------
0011101011
0        1
1        0
1        0
0        0
1        0
0        0
0        1
0        1
1010001100

Dílek 2579
----------
1011001100
1        0
1        1
1        1
0        1
1        0
1        1
1        1
0        0
1001011100

Dílek 3593
----------
0101101011
1        1
0        0
1        1
1        1
1        0
0        1
0        1
0        1
1100111001

Dílek 2281
----------
1100001110
0        0
1        1
1        1
1        0
0        1
0        0
0        0
1        0
1001011010

Dílek 1193
----------
0000000111
1        0
0        1
0        0
0        1
1        0
0        1
1        1
0        1
0101000110

Dílek 3833
----------
0001111100
1        0
1        1
0        1
0        1
0        0
1        1
1        0
0        0
0110110101

Dílek 2003
----------
0101110100
0        1
0        0
1        0
1        1
0        1
0        0
1        1
0        1
0010011010

Dílek 2731
----------
1010010011
0        1
0        0
0        0
1        1
1        0
1        0
1        1
1        0
0111010000

Dílek 3881
----------
0011000000
1        1
1        0
0        0
1        1
0        1
0        1
0        1
0        0
1001101111

Dílek 3673
----------
1100111010
0        1
1        1
1        1
1        0
0        0
0        1
0        1
0        0
1110100101

Dílek 1021
----------
1001110100
1        0
1        1
0        0
0        1
0        0
1        1
0        0
0        1
0010110010

Dílek 2423
----------
1000001111
0        1
0        0
1        0
1        0
1        0
1        1
0        0
1        1
0111110111

Dílek 3923
----------
0010000111
1        1
1        0
0        1
1        0
0        1
1        1
0        0
1        0
0010101001

Dílek 2753
----------
0011110010
1        0
1        1
1        0
1        0
0        0
0        1
1        1
1        0
1111100001

Dílek 3929
----------
0000111110
1        0
1        0
1        0
1        1
0        0
1        0
1        0
0        1
1110011110

Dílek 3041
----------
0110100101
1        0
1        0
0        1
0        0
1        1
1        1
1        0
1        1
0001001001

Dílek 3433
----------
0010101000
1        0
0        0
0        1
1        1
0        1
1        0
1        0
1        1
1110111001

Dílek 2719
----------
0011001001
1        0
1        0
1        1
0        1
1        1
0        0
0        1
0        1
1100100111

Dílek 1201
----------
0100011011
1        1
1        0
0        0
0        0
1        1
0        1
0        1
0        1
0110001000

Dílek 1129
----------
0001111001
0        0
1        0
1        0
1        0
0        1
0        1
1        0
0        1
0001100001

Dílek 3019
----------
0010001110
0        0
1        1
0        0
0        1
0        1
1        1
0        1
1        1
1011000011

Dílek 1747
----------
1101110100
1        0
1        1
1        0
0        1
1        0
1        0
0        0
0        0
0110011011

Dílek 1741
----------
0110100101
1        1
1        1
1        1
1        1
1        0
0        1
0        0
0        1
0111110111

Dílek 1867
----------
1001100000
0        1
1        1
1        0
0        0
1        0
0        0
1        0
1        1
0001110000

Dílek 2803
----------
0101100001
1        0
1        0
1        1
0        1
0        0
0        1
0        0
1        0
0001110000

Dílek 3643
----------
1001001011
1        0
1        1
0        0
1        1
0        0
0        1
0        0
0        0
1000111101

Dílek 2437
----------
0011100111
0        0
0        0
1        1
1        0
0        0
0        0
1        0
1        0
1010000010

Dílek 1069
----------
0011110000
1        1
0        0
0        1
1        1
0        1
1        0
1        1
0        1
1010100000

Dílek 1381
----------
0111010110
0        0
1        1
1        0
0        1
0        1
1        0
0        1
1        1
1111111010

Dílek 2617
----------
0011001010
1        1
0        0
0        0
1        0
0        0
1        0
1        1
1        0
0110010011

Dílek 2393
----------
0110010101
0        1
0        1
0        0
1        0
1        1
0        0
1        0
0        1
1111001000

Dílek 3529
----------
1010001101
0        1
0        1
1        0
0        0
0        1
0        0
1        1
0        1
0111101001

Dílek 2953
----------
0001100010
1        1
1        0
1        1
0        0
1        1
0        1
1        1
0        0
0101001000

Dílek 3617
----------
1001100011
0        0
1        0
0        0
0        1
1        1
1        0
0        0
0        1
1100011101

Dílek 3863
----------
0110100011
1        0
0        1
1        1
0        0
1        1
1        0
0        1
1        0
0011100001

Dílek 3727
----------
1011101101
0        0
0        0
0        1
1        1
1        0
1        0
0        0
1        0
1001010111

Dílek 3803
----------
1110010110
0        1
0        1
1        1
0        1
0        1
0        1
1        0
1        1
1011100100

Dílek 1579
----------
1000110111
0        1
0        0
1        0
0        1
0        1
0        0
1        1
0        0
0111001000

Dílek 1049
----------
1001011011
1        1
0        1
1        0
1        0
0        1
0        0
0        0
1        0
1100101000

Dílek 2687
----------
1100101100
0        0
1        0
0        1
0        1
1        0
0        1
1        1
1        1
1011010011

Dílek 1637
----------
1001100011
1        1
0        0
1        0
0        1
1        1
0        0
1        0
0        0
0101111000

Dílek 3527
----------
0100001010
1        0
0        1
1        1
0        0
1        1
1        1
1        1
0        1
0000010100

Dílek 2963
----------
1010101010
1        0
1        1
0        0
0        0
0        0
1        1
1        1
0        1
0011001101

Dílek 2287
----------
1101111110
0        0
1        1
1        1
0        0
1        1
0        0
1        0
0        0
0010100111

Dílek 3677
----------
1110000011
1        0
1        0
0        1
0        0
0        1
0        0
1        0
0        1
1000110110

Dílek 3559
----------
0010010110
1        1
0        0
1        0
1        1
0        0
1        1
0        1
0        1
0001011100

Dílek 2837
----------
0010001000
0        0
1        1
0        1
0        1
1        0
0        0
0        0
0        0
0111011010

Dílek 3539
----------
0011000010
0        0
0        1
0        0
1        1
1        0
0        0
1        0
0        0
0011100101

Dílek 1667
----------
0100111100
0        0
0        0
1        1
1        1
1        1
1        0
1        1
0        0
0010011110

Dílek 2791
----------
1011011101
0        0
1        1
0        1
0        1
0        0
0        1
1        0
1        0
1001010000

Dílek 2609
----------
0011010000
1        1
1        0
1        0
0        1
1        0
1        1
0        0
1        0
1010001010

Dílek 3061
----------
1111001011
1        0
0        0
0        0
0        1
0        1
0        1
1        1
0        0
1001000011
